0 0 6 5 1 0 7 0 0
0 0 0 0 0 0 3 0 0
9 1 0 0 4 0 0 0 8
0 0 0 9 0 1 0 0 2
7 0 9 0 0 0 1 0 4
1 0 0 4 0 8 0 0 0
3 0 0 0 2 0 0 5 6
0 0 4 0 0 0 0 0 0
0 0 7 0 9 4 2 0 0

1 0 0 0 0 0 0 0 9
0 4 0 5 0 0 7 0 0
0 1 0 0 0 0 0 0 0
0 0 0 0 2 0 4 0 0
0 9 0 1 0 0 0 0 5
0 0 0 0 0 0 0 0 0
0 0 0 0 0 0 0 0 0
0 0 0 0 0 0 0 0 0
0 0 0 0 0 0 0 0 0

0 0 0 2 6 0 7 0 1
6 8 0 0 7 0 0 9 0
1 9 0 0 0 4 5 0 0 
8 2 0 1 0 0 0 4 0 
0 0 4 6 0 2 9 0 0
0 5 0 0 0 3 0 2 8
0 0 9 3 0 0 0 7 4
0 4 0 0 5 0 0 3 6
7 0 3 0 1 8 0 0 0

0 2 0 0 0 0 0 0 0
0 0 0 6 0 0 0 0 3
0 7 4 0 8 0 0 0 0
0 0 0 0 0 3 0 0 2
0 8 0 0 4 0 0 1 0
6 0 0 5 0 0 0 0 0
0 0 0 0 1 0 7 8 0
5 0 0 0 0 9 0 0 0
0 0 0 0 0 0 0 4 0

0 0 0 0 0 0 6 8 0
0 0 0 0 7 3 0 0 9
3 0 9 0 0 0 0 4 5
4 9 0 0 0 0 0 0 0
8 0 3 0 5 0 9 0 2
0 0 0 0 0 0 0 3 6
9 6 0 0 0 0 3 0 8
7 0 0 6 8 0 0 0 0
0 2 8 0 0 0 0 0 0